40193
31045
64065
52072
83033
25559
59127
76329
34159
15788
50396
29116
52441
68909
54258
11220
81946
50396
76682
12184
26105
96112
13396
11681
11220
96112
83884
52732
52441
49092
75523
15162
82918
97182
49643
83884
16217
11220
80739
21543
70230
83884
69361
92076
87826
17223
69071
42385
19398
98070
15788
70897
50227
66983
17864
52171
41180
16217
40193
20520
27666
40509
76682
11220
72353
11681
27677
40193
51946
90200
88733
16019
75596
90149
50759
83033
75763
32394
83884
48768
93793
84439
70998
90900
48307
58376
58064
76682
90356
87826
11770
97698
97698
23296
69910
13027
27666
17864
57830
44943
33011
87826
52441
24963
87826
50966
43568
21145
54233
58047
96112
34213
94345
27666
37101
71860
11220
76682
94664
87038
16492
47633
95331
38941
26105
28343
87773
35218
71473
53382
28343
11220
74164
75140
58376
94345
50227
40193
69071
16217
40193
71473
87374
13912
58376
52441
99593
97698
83205
72473
40193
96567
59738
13942
52441
46497
63775
24823
50396
42696
96112
96112
98660
95861
98522
76805
43806
65743
89179
85420
70998
17223
52441
68075
83884
17411
40193
17223
55254
96567
84821
81946
84439
89703
27446
94345
65105
79090
96128
58852
87826
90200
66776
84439
94345
37412
11681
54165
37314
11681
25575
20626
28343
70998
55727
69337
50227
83884
17223
26266
75074
39316
97698
96112
79122
69071
96567
50227
70230
82883
28343
76682
97698
58376
53380
53418
41652
70998
77517
84439
26105
83033
83033
65677
84439
78550
31244
40038
27712
37779
94345
62009
80739
15788
59226
76682
28343
38390
96567
28525
29342
37871
16217
94345
38390
25210
97698
28343
73500
34391
82128
91780
14792
37702
94345
73150
58572
76682
90173
26105
50227
49229
55737
39598
90271
30421
96112
70998
83052
87681
93387
85660
83903
41367
79090
75578
96567
79090
52441
27666
50396
14792
69517
10883
38390
96875
90612
83033
96112
50227
11220
76682
95421
63013
25388
38390
90678
13640
67154
71473
83884
85420
54461
74078
16217
94345
50227
24208
89844
21174
84439
15788
50396
96567
50396
49739
41626
32976
38390
10840
71473
40921
96567
93389
17864
32838
11681
76682
45245
56728
12987
68591
83033
81946
39134
81946
79359
65603
50396
58376
69252
71473
40407
40193
83033
30137
33156
99755
96112
83884
17864
54829
34134
97698
31254
11220
11220
70998
63013
87826
28343
81946
97698
59372
57651
58376
75807
96196
54686
24270
53606
85420
43637
38390
11220
99814
78782
90200
62980
20223
26608
24971
26106
77949
38390
28343
79090
88246
92181
89669
44503
29808
86262
75203
42994
23307
41317
94345
69730
93793
83884
84710
70998
35489
23083
85430
35450
16217
74318
76682
22001
47159
95111
88173
50396
26613
13468
96112
96112
16217
26145
80739
11681
50396
58376
84439
85936
96027
26105
63013
88512
38390
49710
48747
96112
69071
81572
98715
13588
17223
46340
94623
11220
23375
97698
80545
32334
43967
94345
93419
45980
45727
79090
81581
37611
11681
19425
24278
42679
35139
39236
28343
48434
84797
62200
58265
27666
87826
60767
71473
76682
52441
97743
11220
75810
40193
94345
73583
73747
94345
45901
38390
97309
93793
69071
79788
63583
28855
63196
58852
19648
79122
97494
78824
84439
27959
44369
56445
28343
10803
51608
96112
87826
81946
67264
93793
16994
71473
50396
84439
78607
76682
83033
80277
83033
84059
68798
83884
18013
22915
84439
50396
58852
70998
88646
14163
39532
64382
85420
41993
93712
15788
56901
58852
74746
44762
40193
55896
38390
74157
17606
77476
61806
81946
79090
78416
95124
97972
11832
25792
91443
96112
83033
54577
78824
51999
38503
90200
38390
26105
82425
44514
71473
62633
40630
11681
24288
14363
25312
47253
69071
22997
71473
34861
50396
15553
24972
97698
85420
71473
19841
83920
55730
75763
32218
96567
17864
47021
30568
10104
43875
27666
65150
58376
69071
78011
84439
83884
44208
83186
55204
63816
63337
98216
51370
70521
48927
25233
58360
29575
58243
54313
50396
20815
88260
70230
83884
69071
71473
28343
84439
28343
40193
15788
84439
51691
40091
47799
79090
38390
15774
80739
96567
27258
93650
96112
35958
33004
62900
99347
37712
74162
52441
70311
70998
87233
27666
71473
78824
83033
29131
67697
57266
40540
52975
81423
87378
82509
98692
97147
71473
33153
15788
11220
58376
53779
88120
98924
91384
10228
75691
75265
90207
17864
52539
26025
10363
58095
76361
84439
17223
11681
21206
77367
69471
11220
71043
33941
34182
61119
93793
64719
58376
38390
84212
69071
73216
47027
63662
27666
40217
88678
17223
19815
63644
90200
96567
17223
79090
44465
96112
88643
41964
96112
33345
46340
67780
68868
38390
11681
70230
65992
41120
81993
21427
17864
49401
71473
80739
91364
93934
45079
87047
33828
29241
38390
81946
90200
70855
27666
27846
81435
92486
89083
63013
28794
16217
46746
95783
39825
41374
28343
46968
53684
79090
98552
62235
67322
63412
84439
96567
26105
70998
15119
50227
82034
97113
17392
11220
17864
15242
45273
81808
11681
38390
15788
87826
76682
68596
40193
22115
69071
64757
30941
94345
84439
80739
22854
56487
81224
15540
99099
97698
93293
17223
51103
51317
67760
79090
32618
14792
28343
87826
11220
94611
69071
75587
93001
81390
67124
12534
60958
17300
85770
14000
58432
15788
60971
10521
86503
73714
50396
28343
17864
59520
50227
66729
97698
71473
76682
90200
18831
38460
49469
11220
50708
17223
11681
90061
87826
39287
71473
42853
24363
69071
28722
50396
83821
18432
52441
27666
83884
35796
95208
94345
70696
97185
17223
50764
52599
33385
94208
66939
25038
92450
83884
52086
17223
34551
91632
76682
90387
84938
78508
71473
57789
33795
93793
40193
97491
38390
40193
11681
30259
11069
47872
17864
83884
66385
94345
78824
50396
16961
27666
15498
60345
85082
11681
63013
27666
91067
51125
50227
17864
71473
69071
43580
78824
84439
70230
27666
17864
52987
11001
71232
88748
28343
96112
50227
11220
47405
76682
28343
60347
89690
68984
18200
86923
52441
87826
84439
96112
93793
50396
97698
95586
97698
62288
26105
19405
94432
38390
11552
27666
63356
52441
36105
66983
71473
27666
52441
97698
65715
26105
36282
40193
48330
83762
38390
71473
57762
76682
63013
40193
59106
72620
50192
93793
80739
30136
34448
94345
39850
18558
15318
94345
81946
70650
79090
16217
81946
75763
38390
79090
33917
40494
69327
95280
50396
87826