NODE: 1
LOCATIONS: [[10, 0], [33, 6], [21, 7], [16, 13]]
ANTI LOCATIONS: [[32, 14], [22, 26], [9, 5], [45, 8], [11, 1], [26, 19]]
NODE: T
LOCATIONS: [[24, 0], [27, 8], [29, 9]]
ANTI LOCATIONS: [[30, 16], [34, 18], [25, 7], [31, 10]]
NODE: E
LOCATIONS: [[25, 0], [2, 6], [6, 7], [1, 19]]
ANTI LOCATIONS: [[48, 12], [44, 14], [49, 38], [10, 8], [3, 32], [11, 31]]
NODE: R
LOCATIONS: [[36, 1], [34, 6], [31, 7], [23, 8]]
ANTI LOCATIONS: [[38, 11], [41, 13], [49, 15], [28, 5], [37, 8], [12, 4], [45, 10], [15, 6], [39, 9]]
NODE: j
LOCATIONS: [[23, 3], [43, 24], [42, 27], [34, 32]]
ANTI LOCATIONS: [[41, 21], [44, 30], [25, 16], [26, 22]]
NODE: Q
LOCATIONS: [[29, 3], [7, 8], [2, 14], [6, 23]]
ANTI LOCATIONS: [[12, 20], [8, 38], [10, 32]]
NODE: A
LOCATIONS: [[19, 4], [14, 11], [20, 12], [25, 23]]
ANTI LOCATIONS: [[24, 18], [21, 20], [31, 42], [8, 10], [26, 13], [36, 35], [15, 1], [30, 34]]
NODE: 8
LOCATIONS: [[36, 4], [33, 11], [37, 12], [38, 13]]
ANTI LOCATIONS: [[39, 18], [38, 20], [40, 22], [29, 10], [41, 13], [28, 9], [43, 15], [36, 11], [39, 14]]
NODE: s
LOCATIONS: [[27, 5], [40, 11], [33, 16], [34, 24]]
ANTI LOCATIONS: [[39, 27], [41, 43], [26, 6], [47, 21], [46, 37], [32, 8], [35, 32]]
NODE: 9
LOCATIONS: [[35, 5], [42, 8], [38, 9], [15, 24]]
ANTI LOCATIONS: [[28, 2], [49, 11], [32, 1], [41, 13], [34, 7], [46, 10]]
NODE: k
LOCATIONS: [[47, 5], [46, 6], [42, 11], [27, 12]]
ANTI LOCATIONS: [[45, 4], [48, 7], [38, 1], [8, 0], [12, 10]]
NODE: q
LOCATIONS: [[0, 6], [1, 12], [9, 19], [2, 25]]
ANTI LOCATIONS: [[2, 18], [18, 32], [4, 44], [17, 26], [3, 38], [16, 31]]
NODE: 6
LOCATIONS: [[17, 6], [2, 7], [14, 8], [13, 19]]
ANTI LOCATIONS: [[32, 8], [11, 4], [20, 10], [21, 32], [26, 9], [24, 31], [15, 30]]
NODE: w
LOCATIONS: [[36, 6], [47, 10], [46, 13], [49, 15]]
ANTI LOCATIONS: [[25, 2], [45, 7], [48, 16], [45, 5], [43, 11]]
NODE: t
LOCATIONS: [[47, 7], [32, 18], [34, 21], [43, 22]]
ANTI LOCATIONS: [[30, 15], [36, 24], [21, 14], [25, 20]]
NODE: r
LOCATIONS: [[5, 8], [13, 21], [20, 25], [22, 28]]
ANTI LOCATIONS: [[21, 34], [35, 42], [39, 48], [6, 17], [27, 29], [4, 14], [31, 35], [18, 22], [24, 31]]
NODE: e
LOCATIONS: [[24, 8], [31, 14], [27, 21], [40, 27]]
ANTI LOCATIONS: [[17, 2], [38, 20], [30, 34], [23, 7], [35, 28], [22, 1], [49, 40], [14, 15]]
NODE: v
LOCATIONS: [[48, 10], [35, 11], [36, 17]]
ANTI LOCATIONS: [[22, 9], [24, 3], [34, 5], [37, 23]]
NODE: P
LOCATIONS: [[1, 11], [11, 14], [0, 15], [30, 46]]
ANTI LOCATIONS: [[21, 17], [2, 19], [22, 16]]
NODE: o
LOCATIONS: [[10, 13], [27, 15], [14, 16], [25, 20]]
ANTI LOCATIONS: [[44, 17], [6, 10], [18, 19], [40, 27], [1, 14], [40, 17], [23, 10], [29, 25], [3, 12], [36, 24]]
NODE: W
LOCATIONS: [[22, 13], [37, 14], [42, 20], [33, 21]]
ANTI LOCATIONS: [[7, 12], [2, 6], [11, 5], [44, 29], [32, 8], [47, 26], [29, 7], [41, 28], [24, 19]]
NODE: H
LOCATIONS: [[25, 13], [24, 18], [27, 22], [26, 27]]
ANTI LOCATIONS: [[23, 8], [26, 23], [23, 4], [29, 31], [27, 41], [21, 14], [30, 26], [22, 9], [28, 36], [25, 17], [28, 32]]
NODE: O
LOCATIONS: [[21, 14], [5, 17], [2, 18], [4, 21]]
ANTI LOCATIONS: [[37, 20], [40, 22], [38, 28], [8, 19], [3, 13], [6, 25], [0, 15], [6, 24]]
NODE: N
LOCATIONS: [[35, 14], [41, 15], [44, 16], [40, 17]]
ANTI LOCATIONS: [[29, 13], [47, 16], [26, 12], [30, 11], [45, 20], [38, 14], [47, 17], [39, 13], [42, 19], [36, 15], [48, 18]]
NODE: z
LOCATIONS: [[17, 15], [14, 20], [10, 27]]
ANTI LOCATIONS: [[11, 10], [20, 25], [3, 3], [24, 39], [6, 13], [18, 34]]
NODE: p
LOCATIONS: [[20, 16], [32, 23], [31, 25], [21, 28]]
ANTI LOCATIONS: [[8, 9], [44, 30], [9, 7], [42, 34], [19, 4], [22, 40], [30, 21], [33, 27], [10, 18], [43, 33], [11, 22], [41, 31]]
NODE: Z
LOCATIONS: [[31, 16], [36, 32], [37, 33]]
ANTI LOCATIONS: [[26, 0], [41, 48], [35, 31], [38, 34]]
NODE: x
LOCATIONS: [[7, 17], [38, 34], [30, 35], [33, 36]]
ANTI LOCATIONS: [[22, 33], [46, 36], [28, 32], [43, 38], [27, 34], [36, 37]]
NODE: K
LOCATIONS: [[14, 17], [31, 26], [26, 28], [21, 29]]
ANTI LOCATIONS: [[48, 35], [2, 6], [38, 39], [7, 5], [28, 41], [21, 24], [36, 30], [11, 23], [41, 32], [16, 27], [31, 30]]
NODE: a
LOCATIONS: [[39, 17], [41, 20], [42, 33], [38, 36]]
ANTI LOCATIONS: [[37, 14], [43, 23], [36, 1], [45, 49], [40, 7], [43, 46], [35, 4], [34, 30], [46, 39]]
NODE: U
LOCATIONS: [[18, 18], [15, 22], [19, 25], [16, 35]]
ANTI LOCATIONS: [[12, 14], [21, 26], [17, 11], [20, 32], [14, 1], [11, 19], [23, 28], [14, 9], [17, 48], [13, 15], [22, 45]]
NODE: i
LOCATIONS: [[19, 19], [29, 20], [18, 22], [30, 23]]
ANTI LOCATIONS: [[9, 18], [39, 21], [17, 16], [20, 25], [8, 15], [41, 27], [7, 18], [40, 24], [28, 17], [31, 26], [6, 21], [42, 24]]
NODE: 7
LOCATIONS: [[17, 22], [18, 28], [16, 29], [43, 45]]
ANTI LOCATIONS: [[16, 16], [19, 34], [15, 15], [18, 36], [14, 27], [20, 30]]
NODE: h
LOCATIONS: [[34, 22], [5, 45], [16, 47], [13, 48]]
ANTI LOCATIONS: [[27, 49], [10, 46], [19, 49]]
NODE: n
LOCATIONS: [[14, 23], [16, 24], [13, 26], [21, 35]]
ANTI LOCATIONS: [[12, 22], [18, 25], [12, 20], [15, 29], [7, 11], [28, 47], [10, 22], [19, 28], [11, 13], [26, 46], [5, 17], [29, 44]]
NODE: 2
LOCATIONS: [[17, 23], [11, 24], [18, 32], [36, 37]]
ANTI LOCATIONS: [[5, 22], [23, 25], [16, 14], [19, 41], [4, 16], [25, 40], [0, 27]]
NODE: I
LOCATIONS: [[21, 23], [20, 27], [29, 32], [40, 48]]
ANTI LOCATIONS: [[19, 19], [22, 31], [13, 14], [37, 41], [11, 22], [38, 37], [0, 6], [18, 16]]
NODE: S
LOCATIONS: [[5, 27], [0, 29], [8, 34], [9, 36]]
ANTI LOCATIONS: [[10, 31], [2, 20], [11, 41], [1, 18], [13, 45], [16, 39], [18, 43], [7, 32], [10, 38]]
NODE: D
LOCATIONS: [[23, 28], [6, 43], [4, 44], [9, 47]]
ANTI LOCATIONS: [[2, 42], [8, 45], [3, 39]]
NODE: d
LOCATIONS: [[30, 28], [41, 38], [49, 43], [42, 45]]
ANTI LOCATIONS: [[19, 18], [11, 13], [18, 11], [33, 33], [40, 31], [35, 41]]
NODE: V
LOCATIONS: [[10, 29], [15, 38], [6, 42], [17, 49]]
ANTI LOCATIONS: [[5, 20], [20, 47], [2, 16], [3, 9], [24, 46], [13, 27]]
NODE: 0
LOCATIONS: [[38, 30], [45, 34], [46, 35], [35, 37]]
ANTI LOCATIONS: [[31, 26], [30, 25], [32, 23], [41, 44], [44, 33], [47, 36], [25, 31], [24, 33]]
NODE: X
LOCATIONS: [[20, 33], [9, 34], [16, 36], [11, 37]]
ANTI LOCATIONS: [[31, 35], [12, 30], [24, 39], [2, 29], [29, 41], [2, 32], [23, 38], [7, 31], [13, 40], [6, 35], [21, 38]]
NODE: J
LOCATIONS: [[34, 33], [46, 34], [45, 38], [47, 49]]
ANTI LOCATIONS: [[22, 32], [23, 28], [21, 17], [44, 30], [47, 42], [45, 19], [43, 27]]
NODE: 5
LOCATIONS: [[3, 37], [5, 40], [4, 41], [16, 48]]
ANTI LOCATIONS: [[1, 34], [7, 43], [2, 33], [5, 45], [3, 39], [6, 42]]
NODE: u
LOCATIONS: [[29, 39], [33, 40], [42, 47], [34, 48]]
ANTI LOCATIONS: [[25, 38], [37, 41], [16, 31], [24, 30], [24, 33], [32, 32], [26, 46]]
NODE: 4
LOCATIONS: [[37, 39], [35, 40], [38, 44], [46, 47]]
ANTI LOCATIONS: [[33, 38], [39, 41], [36, 34], [39, 49], [28, 31], [32, 36], [41, 48], [24, 33], [30, 41]]
NODE: 3
LOCATIONS: [[39, 42], [25, 47], [22, 48], [10, 49]]
ANTI LOCATIONS: [[11, 37], [5, 36], [19, 46], [28, 49]]
TOTAL_LOCATIONS: 345
TOTAL UNIQ LOCS: 314